- type: quad
  quadOptions: [100, 50]
  bottomLeft: [0.4698463104, -0.1710100717, 1.0]
  bottomRight: [0.4698463104, -0.1710100717, -1.0]
  topRight: [-0.4698463104, 0.1710100717, -1.0]
  topLeft: [-0.4698463104, 0.1710100717, 1.0]
  centerRotation: [0.0, 0.0]
  initialOffset: [0.0, 0.0]
  angleOfAttack: 0.0
  moving: [false, false]
  velocity: [0.0, 0.0]
  omega: 0.0
  xOscillation: [0.0, 0.0, 0.0]
  yOscillation: [0.0, 0.0, 0.0]
  pitchOscillation: [0.0, 0.0, 0.0]
