- type: quad
  quadOptions: [16, 16]
  bottomLeft: [0.25, 0.6767767, 0.3232233]
  bottomRight: [0.75, 0.6767767, 0.3232233]
  topRight: [0.75, 0.3232233, 0.6767767]
  topLeft: [0.25, 0.3232233, 0.6767767]
  centerRotation: [0.0, 0.0]
  initialOffset: [0.0, 0.0]
  angleOfAttack: 0.0
  moving: [false, false]
  velocity: [0.0, 0.0]
  omega: 0.0
  xOscillation: [0.0, 0.0, 0.0]
  yOscillation: [0.0, 0.0, 0.0]
  pitchOscillation: [0.0, 0.0, 0.0]
  circleOptions: [0.5, 0.5, 0.25, 51]
